18,97
98,102
51,103
98,68
58,43
98,95
54,50
19,103
67,42
79,103
29,54
74,54
32,103
113,69
86,67
44,72
74,49
54,85
94,69
114,68
53,42
58,42
38,103
102,69
114,50
67,43
86,65
56,92
96,29
30,103
94,29
86,63
96,71
53,113
114,35
70,27
56,113
85,29
57,113
55,29
70,113
96,68
92,29
53,29
58,29
57,103
52,29
77,113
114,45
50,113
51,29
71,27
81,68
42,27
43,27
70,29
58,27
81,109
81,96
29,39
81,62
81,71
38,34
83,94
81,95
75,113
44,28
29,42
29,47
81,29
38,72
65,80
81,106
83,82
77,29
62,29
71,29
98,49
114,62
85,54
29,51
75,94
85,51
29,73
79,94
77,94
96,51
92,41
79,51
96,41
18,94
29,83
95,41
70,51
29,85
67,51
29,61
104,89
96,94
94,94
65,58
38,27
37,27
51,27
52,27
53,27
40,28
104,29
103,29
38,103
38,105
41,113
38,83
43,29
45,86
30,86
40,86
38,85
56,86
32,86
54,28
65,61
102,94
65,67
65,72
54,44
96,77
55,27
104,87
45,28
74,68
57,28
104,77
7,73
81,36
38,32
98,55
68,84
34,45
64,45
62,55
81,31
64,28
17,34
70,55
9,34
40,45
81,29
67,55
104,62
71,45
20,55
32,45
104,85
81,40
6,34
45,55
34,45
73,45
77,86
29,28
77,45
119,62
79,55
34,71
80,45
81,45
119,61
75,28
79,28
32,34
52,45
38,29
104,71
79,25
58,28
67,45
38,30
86,45
104,69
106,27
13,34
77,16
123,46
119,77
123,62
71,16
123,44
119,70
85,80
78,93
6,36
119,69
50,100
123,61
30,74
123,58
90,45
98,74
117,40
114,40
96,74
67,47
112,40
77,27
94,74
34,76
119,68
106,84
111,40
83,86
78,55
105,50
5,31
119,67
15,45
70,16
20,47
83,45
110,40
115,76
110,84
88,3
25,34
58,45
81,51
109,40
102,8
96,23
11,45
104,23
81,41
109,76
108,61
81,23
12,61
20,45
71,23
102,23
34,66
113,84
22,45
92,23
87,3
85,62
123,54
108,40
23,45
71,106
23,87
70,23
102,26
54,74
23,75
65,74
115,84
105,53
70,47
102,4
94,47
109,84
73,58
105,74
73,80
87,74
53,100
102,5
106,35
25,45
63,74
32,71
67,102
105,75
94,56
123,51
99,3
119,54
94,23
94,62
56,100
107,40
89,124
70,100
64,23
94,61
123,50
81,3
113,70
36,55
115,70
71,100
67,54
94,104
93,122
98,3
116,70
79,47
23,78
110,92
67,58
67,105
118,70
84,3
23,96
106,40
45,74
85,23
67,106
86,74
67,61
105,76
100,74
123,69
97,3
94,70
76,54
93,124
123,49
25,74
82,116
74,54
123,68
71,109
105,45
123,47
78,74
123,67
71,110
40,24
102,25
108,117
94,69
36,74
93,49
23,100
82,3
91,104
77,80
54,62
84,116
76,49
67,67
76,74
86,19
78,80
79,3
99,122
73,61
85,116
67,71
125,123
75,74
83,100
101,95
71,113
32,69
67,72
125,121
63,97
89,54
59,71
62,31
80,3
70,84
59,72
65,97
101,122
87,54
104,113
74,74
94,95
101,121
58,24
71,84
98,26
59,73
94,94
102,113
79,54
83,80
71,116
34,48
23,81
94,92
105,61
98,29
66,97
62,45
84,80
67,97
62,67
6,42
83,54
23,83
62,47
51,19
23,85
101,94
23,58
73,65
72,19
22,58
113,76
92,56
62,34
81,24
85,80
102,23
104,124
71,19
83,21
95,45
105,124
70,97
71,119
92,36
101,92
9,75
73,67
71,97
98,31
70,19
104,80
87,80
106,124
4,8
113,80
67,96
29,100
32,68
72,97
108,124
101,117
119,51
100,113
38,58
89,80
112,74
101,89
4,23
59,50
115,80
67,77
99,124
30,100
2,75
79,49
58,14
71,124
92,89
67,109
105,71
119,50
94,89
81,97
101,111
2,77
94,113
60,19
92,88
71,11
94,88
32,66
117,50
96,45
75,100
2,78
86,96
83,97
101,51
94,87
67,110
77,84
71,74
72,5
101,110
76,124
32,100
32,63
86,95
101,124
101,50
70,11
83,84
75,93
102,19
81,38
38,32
39,32
114,50
91,116
112,50
101,49
71,5
101,87
77,124
100,49
85,68
32,61
29,32
66,100
59,16
92,87
68,24
91,119
58,16
70,24
47,37
98,49
59,67
47,38
36,58
36,32
84,97
109,50
25,40
42,29
92,86
67,80
53,16
72,11
101,108
87,47
107,104
51,16
27,94
75,97
45,16
35,32
79,124
102,18
94,85
27,93
31,24
108,50
20,58
62,72
85,97
67,81
83,72
76,97
67,113
32,24
42,58
84,72
74,49
101,106
40,16
73,70
72,49
58,19
32,30
82,124
92,85
2,80
90,49
67,82
65,72
36,16
110,119
2,81
62,37
57,19
73,71
77,97
32,32
108,53
37,16
100,104
78,97
37,100
71,49
85,124
92,31
83,15
30,61
94,84
32,36
67,116
79,97
70,49
73,72
102,84
51,79
89,49
102,89
27,47
32,16
87,124
25,41
38,100
80,97
83,14
35,24
29,17
32,37
84,93
25,42
87,49
110,121
94,49
87,116
101,70
88,124
83,13
29,61
101,69
88,116
18,24
70,116
17,58
102,90
51,81
89,104
40,100
92,51
27,45
67,99
4,61
29,19
32,39
64,11
89,116
86,49
41,100
47,34
67,100
29,26
87,104
25,51
84,49
92,29
92,82
73,76
2,83
63,11
68,72
83,49
110,95
109,74
92,50
84,104
77,72
27,43
52,51
94,55
62,11
27,69
32,5
23,78
70,72
83,12
78,54
92,49
100,55
27,68
27,40
61,11
25,61
59,79
83,11
27,38
110,107
62,5
92,25
59,80
27,66
60,11
73,77
94,111
44,100
59,81
27,63
92,23
92,47
70,93
23,61
88,97
110,108
108,74
116,79
102,80
22,61
110,86
25,50
89,97
59,11
73,104
57,53
123,104
87,38
92,80
110,110
81,11
94,80
69,74
46,5
67,74
92,78
80,11
75,116
63,106
59,84
58,11
25,45
107,74
92,19
21,61
78,106
101,67
75,14
79,11
76,116
25,52
45,5
94,79
69,93
77,116
32,58
11,73
90,97
78,11
94,110
73,79
83,106
27,83
51,85
75,24
68,93
20,61
91,97
51,55
77,100
79,106
32,42
25,53
94,109
11,74
61,5
77,11
25,54
77,11
79,116
92,63
3,25
100,71
64,19
2,89
86,106
25,47
76,11
25,32
77,6
45,43
91,80
47,47
2,93
85,106
44,32
92,62
2,16
47,23
60,5
27,56
87,106
25,63
77,5
43,32
100,94
2,66
84,106
62,58
34,51
106,80
59,5
51,86
50,24
27,53
100,90
2,86
47,24
100,74
42,32
94,108
45,49
89,106
92,61
1,16
76,5
51,71
32,8
117,110
23,98
90,106
58,5
101,85
18,61
45,48
100,104
126,44
92,106
92,41
-1,16
63,19
67,49
41,5
103,110
22,7
51,11
45,38
94,106
56,5
65,49
2,67
99,106
106,110
9,61
64,49
51,72
102,95
126,102
101,56
107,110
96,106
116,77
100,110
63,49
31,66
51,73
81,19
55,5
25,58
105,110
92,96
48,11
94,104
78,104
109,80
45,37
102,92
19,7
104,110
100,76
115,77
110,80
57,11
7,95
45,36
85,71
101,62
102,94
51,89
49,58
112,77
46,11
102,85
79,100
100,77
108,110
15,95
45,34
126,86
76,19
50,14
100,78
102,87
126,101
92,77
17,61
59,89
45,33
74,11
9,68
51,91
46,12
102,86
110,77
101,110
126,100
53,19
52,5
102,84
56,11
101,80
110,79
116,110
2,68
109,72
59,91
12,7
94,80
9,81
32,23
126,85
2,61
61,19
102,78
51,92
115,72
119,110
5,7
74,19
34,66
101,78
76,40
100,79
2,87
75,40
116,72
102,77
124,51
51,93
92,70
9,83
101,77
81,40
113,72
109,110
2,72
100,82
125,39
59,92
118,72
2,74
32,24
102,80
92,69
77,40
126,58
55,11
93,38
2,73
102,70
45,58
126,51
122,69
92,67
54,24
122,71
120,35
101,53
122,68
93,37
126,42
37,5
102,69
120,110
92,95
45,47
78,40
124,53
9,87
122,61
96,21
51,95
102,67
92,65
32,9
87,40
9,73
119,59
124,44
51,58
120,25
93,116
93,36
126,39
25,34
115,110
122,62
52,48
102,62
70,31
110,110
25,36
32,27
78,9
122,54
51,97
122,51
59,38
126,83
114,127
105,38
128,58
80,21
76,104
120,24
51,64
100,108
46,37
25,37
126,50
122,50
32,29
51,98
102,58
93,25
67,14
126,49
25,66
112,110
83,40
92,38
59,95
102,59
98,21
126,94
32,28
85,40
46,38
119,127
102,56
121,47
48,5
126,71
113,38
75,104
77,21
65,106
66,14
40,66
125,67
47,38
72,9
126,70
117,57
77,12
126,95
25,39
120,21
42,43
90,19
90,40
126,61
50,31
42,49
102,53
70,34
26,66
42,23
92,94
66,106
27,66
70,3
126,89
93,11
70,35
85,9
128,67
93,23
43,49
102,55
67,106
51,102
81,21
92,92
126,68
80,9
50,38
126,53
117,38
91,40
126,54
51,49
93,19
120,49
100,58
71,9
32,19
126,88
87,19
51,103
76,21
126,52
52,3
54,21
100,61
125,110
70,106
93,10
42,44
46,9
126,80
75,106
93,34
42,31
126,47
76,106
117,47
105,21
93,9
69,3
45,45
52,38
45,9
55,18
52,18
77,106
117,59
112,21
114,110
57,64
68,3
80,106
70,9
70,27
25,61
93,18
49,31
104,21
118,59
55,21
42,15
84,9
126,76
75,3
120,47
126,62
57,59
11,36
126,46
57,63
114,47
122,58
51,105
61,3
93,17
102,21
110,21
51,106
11,23
92,9
126,105
120,53
54,38
48,66
50,11
74,40
73,40
108,38
42,24
56,3
92,21
120,52
107,21
124,57
100,92
117,26
120,45
60,20
11,52
52,49
126,87
55,38
120,54
52,106
106,21
11,42
69,9
42,19
42,36
120,51
53,106
109,38
91,9
83,9
126,78
53,11
120,44
42,27
77,9
126,104
64,9
120,38
75,9
42,66
66,3
126,77
75,5
46,18
42,39
71,21
79,40
42,32
11,47
52,38
93,31
120,58
56,106
11,87
11,31
93,15
124,46
59,3
57,106
68,9
42,40
56,38
120,50
32,47
70,40
79,9
94,21
65,3
120,42
82,9
117,37
111,38
124,47
11,63
90,9
50,19
93,29
120,55
117,25
74,21
88,9
50,21
60,19
80,40
11,54
11,37
44,66
126,103
42,45
57,9
118,21
72,21
14,18
74,104
55,3
52,37
73,93
87,21
90,21
19,88
69,5
46,33
117,35
52,36
68,5
42,42
87,9
11,58
74,5
70,21
71,3
33,18
93,39
62,3
46,66
93,14
32,18
86,21
58,3
54,18
45,18
57,56
1,12
56,21
46,34
51,18
57,55
27,18
92,40
52,45
50,49
42,34
128,62
20,88
50,8
23,88
63,9
117,24
70,22
42,41
56,9
86,9
53,18
57,38
46,36
81,9
32,88
25,18
52,47
62,9
40,86
56,51
40,75
52,32
93,13
40,83
11,28
74,9
128,61
59,18
65,9
70,5
15,58
11,32
40,63
40,70
11,80
15,61
58,21
85,21
15,66
13,18
84,21
58,38
30,18
53,9
40,49
42,47
66,38
40,69
70,38
15,43
23,42
24,18
15,63
52,34
52,31
42,10
40,43
40,18
50,18
73,9
40,56
46,35
11,19
11,55
11,44
74,38
18,18
93,12
15,67
83,21
52,43
42,35
40,61
120,22
17,18
29,42
25,88
70,23
59,9
40,48
40,52
29,18
20,42
15,47
40,59
40,55
61,9
70,26
55,9
117,23
58,18
36,42
15,44
40,68
12,18
11,61
32,42
78,3
52,9
15,50
15,88
40,71
15,68
59,21
11,81
48,18
39,18
11,68
40,53
21,42
40,66
22,42
78,38
42,37
60,9
67,38
15,51
25,42
11,18
106,15
99,15
64,38
117,22
11,57
39,42
52,42
1,25
23,18
18,42
35,42
11,83
40,47
110,15
34,42
15,45
40,45
105,15
40,88
52,33
15,75
73,38
11,50
3,29
15,55
57,18
17,42
58,9
15,52
1,27
15,73
15,74
1,30
11,40
11,75
11,21
112,15
20,83
30,42
20,74
1,31
75,38
20,68
11,67
22,18
117,21
51,9
92,38
83,38
81,38
11,45
11,41
15,78
104,15
68,38
102,9
98,15
56,18
52,39
15,53
20,63
27,42
20,82
11,65
11,22
40,46
76,38
20,69
37,18
21,26
11,51
20,81
20,53
48,9
21,22
97,38
79,38
15,65
99,38
19,12
102,17
21,21
15,54
36,18
3,28
18,33
20,56
69,38
20,48
15,18
90,38
20,61
18,12
21,20
80,38
15,57
11,12
20,78
98,21
13,12
5,12
20,45
17,12
42,38
17,33
25,78
96,3
12,12
20,38
19,33
7,12
20,43
1,23
22,78
21,28
20,55
16,33
102,15
15,31
102,13
10,12
21,31
102,12
86,3
102,11
20,31
8,31
14,31
102,30
7,31
13,31
19,78
20,34
12,31
102,29
17,31
91,3
18,31
90,3
21,30
6,31
20,33
5,32
9,31
