81,9
101,95
98,95
70,31
90,9
98,102
112,50
82,3
90,45
87,74
109,74
114,50
82,100
92,95
101,103
90,21
92,96
90,49
101,106
101,108
100,53
101,110
81,11
101,111
101,54
87,38
109,72
109,80
101,56
112,15
109,76
114,62
109,38
85,97
109,40
102,19
80,40
102,21
101,62
102,62
107,38
105,75
101,71
94,69
101,67
97,3
101,68
102,25
108,70
89,116
114,35
116,77
119,71
94,84
115,84
119,77
105,124
102,67
120,70
122,68
122,69
123,62
122,71
104,110
114,45
93,31
90,97
123,67
123,68
123,69
123,70
93,37
93,38
93,39
94,68
93,40
115,110
98,31
119,110
116,110
120,110
96,21
123,104
126,68
100,92
126,70
126,71
127,67
96,29
100,95
126,76
126,77
126,78
32,9
62,30
57,53
70,24
83,54
20,33
76,9
57,63
66,106
32,25
78,11
59,83
32,23
65,3
55,5
32,27
75,72
58,11
42,35
52,106
71,9
70,25
30,100
53,113
71,74
32,34
67,54
75,14
40,71
55,18
58,14
30,78
67,55
75,113
20,41
57,28
75,5
36,18
50,49
73,65
32,37
45,33
70,49
32,30
52,51
58,5
39,32
58,42
77,113
42,17
55,3
73,58
42,40
58,19
77,12
32,73
48,9
59,84
29,100
45,5
74,21
35,24
70,5
61,3
55,9
70,97
62,37
72,21
67,61
59,93
65,58
73,38
57,18
59,72
62,47
65,61
73,9
68,5
51,87
65,93
71,38
79,28
33,42
66,3
58,9
27,73
59,21
43,74
50,21
69,5
76,38
34,45
67,109
51,18
46,12
52,3
57,56
40,24
75,38
73,104
64,38
41,100
52,18
64,45
47,23
62,67
60,20
79,47
34,66
73,73
49,31
34,71
60,5
66,100
52,36
73,70
59,5
84,9
46,31
76,54
42,23
61,9
81,31
86,84
66,97
83,106
72,9
62,9
83,49
75,24
56,11
87,49
72,49
46,49
85,9
86,96
90,38
79,49
101,87
85,80
74,104
83,82
86,65
84,49
71,27
67,80
88,97
80,97
45,18
87,124
86,74
83,9
83,45
85,68
81,3
80,9
46,58
38,72
40,66
40,100
56,18
42,31
46,18
42,47
53,29
51,49
45,41
82,45
74,5
85,49
86,3
100,90
101,92
89,106
101,49
106,80
101,112
86,72
58,24
57,19
90,40
106,84
117,47
117,37
95,74
87,19
102,73
83,14
119,127
11,73
117,38
117,50
99,80
98,68
12,61
102,84
117,59
91,3
14,18
13,31
112,110
102,5
122,61
15,63
15,74
15,52
20,74
8,31
9,61
123,58
123,61
102,86
118,59
19,33
17,12
16,33
20,81
22,7
18,33
17,42
21,28
15,45
20,83
29,61
25,32
32,103
25,34
25,45
25,40
24,61
27,69
28,74
29,42
28,24
28,78
31,18
35,51
32,61
119,50
94,111
81,40
126,110
117,57
118,72
90,3
11,18
120,46
120,51
5,7
5,12
120,54
117,110
120,55
120,42
11,19
120,52
120,56
88,3
128,67
120,38
120,44
120,53
119,69
126,105
126,50
126,103
120,58
126,104
126,100
120,59
126,102
126,101
120,45
2,72
116,72
4,23
94,85
1,12
11,50
11,74
9,75
12,18
2,66
94,87
93,36
94,88
11,51
2,80
11,47
94,89
11,32
9,34
2,74
2,77
2,61
120,22
92,19
92,23
94,94
92,22
94,92
94,95
92,25
92,29
94,102
94,104
94,106
92,31
94,108
92,28
94,109
94,23
92,38
92,41
92,40
94,21
94,29
92,42
92,46
92,48
92,50
78,93
87,106
83,84
92,86
92,87
92,88
94,38
84,104
83,40
99,3
84,106
99,15
82,72
96,94
96,106
92,106
99,38
113,84
84,116
95,106
94,49
94,47
99,94
94,54
94,55
94,56
94,61
99,106
94,62
94,70
96,3
94,71
94,73
94,74
99,122
94,80
93,9
93,10
96,41
96,42
93,12
93,11
93,15
93,14
93,13
101,78
97,38
93,17
93,18
93,19
96,45
98,3
93,22
93,20
93,25
93,116
93,122
93,124
96,51
98,15
90,106
93,28
93,49
98,22
98,21
98,24
98,26
96,68
96,71
96,77
98,30
101,79
82,116
97,45
84,3
103,29
98,49
79,94
79,97
79,100
79,103
85,51
82,9
79,106
103,110
97,69
97,72
91,9
101,50
101,51
83,38
109,50
100,49
101,53
100,55
100,58
100,61
101,77
107,110
114,68
104,113
100,70
109,84
104,124
100,71
100,74
108,61
100,73
107,40
106,110
105,110
104,15
100,76
100,75
100,77
108,74
100,78
100,79
100,81
104,23
104,21
114,110
100,82
100,85
105,15
101,117
104,29
101,121
101,122
106,124
101,124
107,74
105,21
106,15
102,4
109,104
104,62
106,21
102,9
102,8
102,12
102,11
109,110
102,14
102,13
104,68
102,17
104,71
108,110
104,77
106,27
106,28
114,127
107,21
107,104
104,80
104,85
108,117
102,18
102,20
102,103
108,124
102,106
102,113
102,110
105,38
102,22
102,23
104,89
104,87
102,30
105,53
102,56
106,35
105,50
105,70
102,53
105,71
102,28
105,73
105,61
105,76
105,72
105,74
110,21
108,38
108,40
108,50
115,38
105,84
108,53
112,21
102,59
102,58
102,71
92,9
111,40
111,38
102,77
102,78
111,110
94,110
92,36
102,79
102,80
102,85
102,87
110,119
110,121
102,89
113,69
113,70
112,74
112,77
102,90
113,72
110,40
92,53
92,56
92,61
113,76
92,62
92,65
92,63
92,67
92,68
92,70
92,73
113,80
92,77
113,38
92,78
91,104
92,79
92,85
92,89
91,97
102,92
99,45
102,93
110,77
110,79
112,40
110,81
110,80
102,95
102,94
110,84
85,21
92,93
99,69
92,92
85,124
110,85
84,80
95,41
95,47
110,95
110,92
95,49
95,55
99,84
95,45
95,80
110,108
110,110
110,107
91,119
91,40
121,47
126,80
121,57
126,83
80,38
86,106
87,40
120,21
119,51
120,24
120,25
119,54
87,80
115,70
126,85
120,35
126,87
126,86
115,72
126,88
94,79
100,104
115,76
115,77
100,107
100,108
126,89
126,95
119,61
126,94
119,62
100,113
119,67
120,39
119,68
125,121
99,124
125,123
120,49
120,50
2,16
2,86
2,78
1,23
124,44
1,27
1,25
1,30
124,47
1,31
3,12
124,46
3,25
124,51
3,29
2,67
2,73
2,68
2,87
2,89
3,28
2,93
4,8
124,57
11,21
2,75
9,68
11,22
10,31
11,23
116,70
7,73
11,25
9,73
10,12
9,81
11,77
9,83
11,35
11,44
9,31
11,45
11,36
11,46
9,77
11,31
10,61
11,12
11,37
126,39
2,83
126,42
9,87
126,44
11,41
11,42
11,40
123,44
126,47
126,46
126,49
4,61
126,52
126,54
126,53
128,58
128,61
8,61
12,7
126,58
11,68
6,31
12,12
13,18
13,12
126,61
126,62
123,46
11,61
5,31
7,95
123,47
5,32
12,31
11,65
14,31
15,46
15,47
13,34
15,50
15,54
2,81
15,61
15,51
122,51
15,43
15,78
122,54
122,50
122,62
123,54
15,75
15,65
122,58
15,77
11,52
15,66
6,34
6,36
0,16
15,88
11,28
11,54
17,34
20,60
7,12
15,57
15,44
15,68
15,95
15,18
11,63
14,61
123,50
15,31
19,103
21,61
123,51
20,61
19,88
22,45
11,67
11,57
20,63
25,18
20,69
17,61
15,53
22,42
23,96
23,100
25,88
18,61
18,94
22,78
18,97
17,31
23,83
18,24
20,88
23,85
17,18
23,45
23,61
20,58
19,95
23,58
6,61
19,98
23,18
20,82
19,78
24,18
6,42
11,81
11,83
25,78
17,33
23,42
20,68
11,75
17,58
21,20
19,7
21,17
21,26
7,31
29,51
18,31
11,80
28,42
29,39
21,21
25,74
21,22
15,67
24,42
21,31
21,33
21,30
19,12
29,54
22,18
28,18
29,28
29,26
22,58
22,61
11,87
21,42
28,88
20,78
27,33
28,55
23,87
30,61
18,42
32,36
18,12
28,34
30,24
28,61
32,68
25,37
25,39
25,36
25,42
28,66
28,58
25,50
25,53
25,54
25,46
25,47
25,51
25,58
25,61
25,52
27,56
25,66
27,47
27,68
27,57
18,18
25,63
23,75
27,66
23,77
20,42
34,48
20,31
30,18
25,41
27,53
24,78
27,54
27,63
20,48
29,47
27,83
32,17
29,32
31,24
29,17
29,19
23,81
23,78
20,45
32,86
32,63
28,32
32,100
27,43
20,43
32,24
31,32
30,103
27,88
32,45
20,38
30,66
42,15
32,5
27,40
37,32
42,58
42,38
36,32
40,61
32,28
29,73
40,52
42,39
40,28
40,68
40,46
20,47
20,53
32,19
30,45
20,55
30,42
39,18
37,5
32,32
32,8
31,42
32,16
32,42
32,69
32,88
32,29
31,66
29,83
32,71
32,46
40,73
32,58
32,47
42,34
32,39
20,57
20,54
20,56
42,49
26,66
35,45
29,85
42,41
42,32
37,18
37,16
40,54
40,53
36,55
37,100
42,43
38,27
40,75
40,56
42,42
38,83
42,44
39,42
33,18
38,103
40,49
38,85
35,66
40,57
42,36
36,74
42,10
42,37
42,19
40,86
40,69
30,86
43,29
30,74
30,76
27,38
37,27
37,55
36,42
37,58
40,45
34,54
42,30
37,42
38,29
45,28
40,16
38,30
38,104
40,88
27,94
43,55
27,93
46,11
40,18
47,38
37,74
47,30
38,32
44,28
38,34
38,105
41,5
40,63
46,66
36,16
41,18
40,43
52,33
51,27
51,29
50,100
51,97
47,34
52,34
45,36
51,98
47,24
50,31
45,37
36,58
35,32
40,70
45,66
45,38
35,42
52,49
51,63
42,27
46,34
40,83
42,25
45,55
34,76
55,27
51,64
42,29
55,29
43,27
45,47
45,45
50,20
47,46
45,48
42,46
47,47
45,49
41,113
46,33
53,51
40,59
51,75
57,106
53,74
40,47
42,66
52,47
53,100
68,38
43,32
51,72
52,37
50,14
57,113
52,29
51,101
45,43
54,85
54,50
53,16
45,58
51,92
51,73
56,21
62,29
46,9
43,58
51,93
44,72
51,102
52,31
62,31
43,49
52,38
56,92
44,32
47,37
50,10
51,16
54,18
57,57
53,18
51,103
66,74
52,39
67,67
58,28
51,104
51,105
57,9
61,19
51,95
58,27
58,29
52,32
49,58
51,11
57,38
53,38
52,41
53,106
48,18
67,14
59,18
58,43
67,83
62,34
51,106
66,49
62,72
56,51
60,11
68,72
56,100
52,43
53,11
45,51
124,53
53,42
50,38
58,16
52,45
55,11
63,11
67,42
50,113
44,100
64,19
51,85
55,21
57,11
59,90
67,58
57,59
56,3
65,83
65,72
58,21
48,11
53,19
61,49
58,58
62,3
59,9
62,5
63,49
65,67
46,36
51,79
66,14
50,15
50,17
59,3
51,19
52,27
45,34
50,24
64,23
64,28
49,18
53,9
59,81
51,9
51,71
65,87
48,5
54,21
51,90
63,19
67,99
60,19
67,101
56,38
52,5
67,102
67,95
52,9
66,38
60,18
64,49
56,5
70,16
68,84
51,91
64,55
50,8
57,64
58,18
67,81
54,44
62,58
45,9
67,51
67,71
70,40
56,106
56,86
75,106
65,9
73,93
75,104
67,38
45,86
77,40
72,11
65,106
53,27
76,124
71,100
50,12
67,43
67,47
67,45
69,93
76,104
64,74
77,5
70,19
78,3
61,11
77,97
77,21
59,16
77,6
76,74
77,80
63,9
77,100
74,11
76,106
78,40
65,97
54,24
67,105
77,106
75,9
70,84
73,54
71,97
73,74
52,48
76,5
74,9
70,106
77,27
45,74
73,55
46,38
46,5
46,35
75,84
70,100
56,113
75,86
73,49
71,119
63,74
71,117
51,67
78,38
70,47
75,45
73,61
77,10
76,49
71,114
58,3
74,42
59,71
71,110
73,71
70,21
67,106
77,11
70,26
59,73
59,80
75,28
77,29
64,9
76,11
59,87
59,79
71,84
70,116
63,97
63,106
71,106
75,74
77,72
57,54
70,51
76,97
60,9
74,49
74,40
75,3
73,45
67,104
59,38
59,11
70,22
74,38
59,75
69,3
59,91
78,9
59,95
48,66
53,55
75,40
46,37
68,3
51,81
71,109
53,58
54,28
77,124
74,19
56,9
72,97
68,9
71,124
73,47
77,16
71,5
58,45
65,49
69,74
70,34
59,50
54,38
64,11
67,114
69,38
67,116
65,80
55,38
69,9
68,24
75,94
57,103
51,83
74,54
62,44
75,80
62,55
59,67
73,40
70,3
68,93
58,38
70,23
62,46
61,5
70,29
77,45
77,94
70,27
73,75
70,30
77,84
76,19
81,41
70,93
75,97
81,106
71,11
70,9
79,26
72,19
79,116
81,42
73,77
82,84
76,40
81,88
73,80
71,49
67,73
83,18
75,100
80,106
72,5
67,110
70,72
71,45
75,116
73,67
89,49
80,21
77,116
87,21
86,21
86,95
75,82
75,93
76,21
77,86
73,76
70,35
87,3
78,54
70,11
85,23
70,113
73,79
79,9
78,97
82,124
87,9
78,104
67,77
85,106
78,80
83,21
79,25
82,97
82,106
83,86
71,16
83,80
80,11
74,68
70,55
81,23
80,24
83,100
83,94
87,116
85,116
89,104
87,97
71,19
81,24
81,109
71,21
67,96
71,23
45,16
62,11
82,38
86,63
87,54
81,51
76,116
83,22
79,51
79,11
71,3
71,29
80,45
82,86
84,97
81,19
81,95
84,21
78,55
79,38
82,80
85,40
81,96
79,40
90,19
83,97
81,28
85,47
88,9
88,116
86,67
85,29
83,72
86,44
101,85
74,88
102,54
86,19
87,47
81,29
79,3
89,80
89,97
81,68
83,12
82,40
81,71
78,74
86,80
88,124
85,62
79,124
101,89
89,54
83,11
81,21
81,102
83,13
81,36
78,106
86,9
89,124
85,71
79,54
79,55
101,73
102,70
84,93
81,38
83,15
81,62
85,54
82,94
102,26
84,72
119,70
87,104
80,3
92,71
101,70
91,80
92,51
93,34
99,72
118,70
118,21
97,80
110,86
84,54
125,57
125,39
117,22
110,15
117,40
117,23
96,23
117,24
117,35
117,25
117,26
125,67
126,51
128,62
105,46
105,80
102,68
102,69
91,117
15,73
100,110
40,48
123,49
115,80
116,79
117,20
